{
 "cells": [
  {
   "cell_type": "markdown",
   "metadata": {},
   "source": [
    "* Use train word2vec\n",
    "* Add the text library\n",
    "* Implement Gaussian LDA\n",
    "* Add supervision"
   ]
  },
  {
   "cell_type": "markdown",
   "metadata": {},
   "source": [
    "# Load the necessary packages"
   ]
  },
  {
   "cell_type": "code",
   "execution_count": 143,
   "metadata": {},
   "outputs": [],
   "source": [
    "from gensim.models.word2vec import Word2Vec\n",
    "import gensim.downloader as api\n",
    "import nltk\n",
    "import pandas as pd\n",
    "import re\n",
    "import numpy as np\n",
    "import scipy as sp"
   ]
  },
  {
   "cell_type": "markdown",
   "metadata": {},
   "source": [
    "# Get the word embeddings\n",
    "\n",
    "## Train the model on a sample dataset"
   ]
  },
  {
   "cell_type": "code",
   "execution_count": 144,
   "metadata": {},
   "outputs": [],
   "source": [
    "# this loads the text8 dataset\n",
    "corpus = api.load('text8')\n",
    "\n",
    "# train a Word2Vec model\n",
    "model_text8 = Word2Vec(corpus,iter=10,size=150, window=10, min_count=1, workers=10)  # train a model from the corpus"
   ]
  },
  {
   "cell_type": "markdown",
   "metadata": {},
   "source": [
    "## Update the model on the text messages\n",
    "\n",
    "* Note: May want to train on additional subject matter documents\n",
    "\n",
    "### Load the text message library"
   ]
  },
  {
   "cell_type": "code",
   "execution_count": 145,
   "metadata": {},
   "outputs": [],
   "source": [
    "txtLibrary = pd.read_excel('/Users/Nikki/Dropbox/UNC/Causal NLP/Reback_TxtLibrary/Reback_Project Tech Support Text Message Library_NF.xlsx',\n",
    "             sheet_name = 1, skiprows = 23, names = ['msgID', 'txt'], index_col = 'msgID')\n",
    "\n",
    "# Housekeeping\n",
    "txtLibrary = txtLibrary.dropna(axis = 0) # Remove rows that are empty\n",
    "# Remove the texts about follow up appointments (pre/post texts)\n",
    "# txtLibrary = txtLibrary[slice('A1a001', 'H3a120')] # Full library\n",
    "# txtLibrary = txtLibrary[slice('A1a001', 'B3b017')] # First two topics"
   ]
  },
  {
   "cell_type": "markdown",
   "metadata": {},
   "source": [
    "### Function for text pre-processing"
   ]
  },
  {
   "cell_type": "code",
   "execution_count": 146,
   "metadata": {},
   "outputs": [],
   "source": [
    "cList = {\n",
    "  \"ain't\": \"am not\",\n",
    "  \"aren't\": \"are not\",\n",
    "  \"can't\": \"cannot\",\n",
    "  \"can't've\": \"cannot have\",\n",
    "  \"'cause\": \"because\",\n",
    "  \"could've\": \"could have\",\n",
    "  \"couldn't\": \"could not\",\n",
    "  \"couldn't've\": \"could not have\",\n",
    "  \"didn't\": \"did not\",\n",
    "  \"doesn't\": \"does not\",\n",
    "  \"don't\": \"do not\",\n",
    "  \"hadn't\": \"had not\",\n",
    "  \"hadn't've\": \"had not have\",\n",
    "  \"hasn't\": \"has not\",\n",
    "  \"haven't\": \"have not\",\n",
    "  \"he'd\": \"he would\",\n",
    "  \"he'd've\": \"he would have\",\n",
    "  \"he'll\": \"he will\",\n",
    "  \"he'll've\": \"he will have\",\n",
    "  \"he's\": \"he is\",\n",
    "  \"how'd\": \"how did\",\n",
    "  \"how'd'y\": \"how do you\",\n",
    "  \"how'll\": \"how will\",\n",
    "  \"how's\": \"how is\",\n",
    "  \"i'd\": \"i would\",\n",
    "  \"i'd've\": \"i would have\",\n",
    "  \"i'll\": \"i will\",\n",
    "  \"i'll've\": \"i will have\",\n",
    "  \"i'm\": \"i am\",\n",
    "  \"i've\": \"i have\",\n",
    "  \"isn't\": \"is not\",\n",
    "  \"it'd\": \"it had\",\n",
    "  \"it'd've\": \"it would have\",\n",
    "  \"it'll\": \"it will\",\n",
    "  \"it'll've\": \"it will have\",\n",
    "  \"it's\": \"it is\",\n",
    "  \"let's\": \"let us\",\n",
    "  \"ma'am\": \"madam\",\n",
    "  \"mayn't\": \"may not\",\n",
    "  \"might've\": \"might have\",\n",
    "  \"mightn't\": \"might not\",\n",
    "  \"mightn't've\": \"might not have\",\n",
    "  \"must've\": \"must have\",\n",
    "  \"mustn't\": \"must not\",\n",
    "  \"mustn't've\": \"must not have\",\n",
    "  \"needn't\": \"need not\",\n",
    "  \"needn't've\": \"need not have\",\n",
    "  \"o'clock\": \"of the clock\",\n",
    "  \"oughtn't\": \"ought not\",\n",
    "  \"oughtn't've\": \"ought not have\",\n",
    "  \"shan't\": \"shall not\",\n",
    "  \"sha'n't\": \"shall not\",\n",
    "  \"shan't've\": \"shall not have\",\n",
    "  \"she'd\": \"she would\",\n",
    "  \"she'd've\": \"she would have\",\n",
    "  \"she'll\": \"she will\",\n",
    "  \"she'll've\": \"she will have\",\n",
    "  \"she's\": \"she is\",\n",
    "  \"should've\": \"should have\",\n",
    "  \"shouldn't\": \"should not\",\n",
    "  \"shouldn't've\": \"should not have\",\n",
    "  \"so've\": \"so have\",\n",
    "  \"so's\": \"so is\",\n",
    "  \"that'd\": \"that would\",\n",
    "  \"that'd've\": \"that would have\",\n",
    "  \"that's\": \"that is\",\n",
    "  \"there'd\": \"there had\",\n",
    "  \"there'd've\": \"there would have\",\n",
    "  \"there's\": \"there is\",\n",
    "  \"they'd\": \"they would\",\n",
    "  \"they'd've\": \"they would have\",\n",
    "  \"they'll\": \"they will\",\n",
    "  \"they'll've\": \"they will have\",\n",
    "  \"they're\": \"they are\",\n",
    "  \"they've\": \"they have\",\n",
    "  \"to've\": \"to have\",\n",
    "  \"wasn't\": \"was not\",\n",
    "  \"we'd\": \"we had\",\n",
    "  \"we'd've\": \"we would have\",\n",
    "  \"we'll\": \"we will\",\n",
    "  \"we'll've\": \"we will have\",\n",
    "  \"we're\": \"we are\",\n",
    "  \"we've\": \"we have\",\n",
    "  \"weren't\": \"were not\",\n",
    "  \"what'll\": \"what will\",\n",
    "  \"what'll've\": \"what will have\",\n",
    "  \"what're\": \"what are\",\n",
    "  \"what's\": \"what is\",\n",
    "  \"what've\": \"what have\",\n",
    "  \"when's\": \"when is\",\n",
    "  \"when've\": \"when have\",\n",
    "  \"where'd\": \"where did\",\n",
    "  \"where's\": \"where is\",\n",
    "  \"where've\": \"where have\",\n",
    "  \"who'll\": \"who will\",\n",
    "  \"who'll've\": \"who will have\",\n",
    "  \"who's\": \"who is\",\n",
    "  \"who've\": \"who have\",\n",
    "  \"why's\": \"why is\",\n",
    "  \"why've\": \"why have\",\n",
    "  \"will've\": \"will have\",\n",
    "  \"won't\": \"will not\",\n",
    "  \"won't've\": \"will not have\",\n",
    "  \"would've\": \"would have\",\n",
    "  \"wouldn't\": \"would not\",\n",
    "  \"wouldn't've\": \"would not have\",\n",
    "  \"y'all\": \"you all\",\n",
    "  \"y'alls\": \"you alls\",\n",
    "  \"y'all'd\": \"you all would\",\n",
    "  \"y'all'd've\": \"you all would have\",\n",
    "  \"y'all're\": \"you all are\",\n",
    "  \"y'all've\": \"you all have\",\n",
    "  \"you'd\": \"you had\",\n",
    "  \"you'd've\": \"you would have\",\n",
    "  \"you'll\": \"you you will\",\n",
    "  \"you'll've\": \"you you will have\",\n",
    "  \"you're\": \"you are\",\n",
    "  \"you've\": \"you have\"\n",
    "}\n",
    "\n",
    "c_re = re.compile('(%s)' % '|'.join(cList.keys()))\n",
    "\n",
    "def expandContractions(text, c_re=c_re):\n",
    "    def replace(match):\n",
    "        return cList[match.group(0)]\n",
    "    return c_re.sub(replace, text)"
   ]
  },
  {
   "cell_type": "markdown",
   "metadata": {},
   "source": [
    "### Text pre-processing"
   ]
  },
  {
   "cell_type": "code",
   "execution_count": 147,
   "metadata": {},
   "outputs": [],
   "source": [
    "# Make all the words lower case\n",
    "txtLibrary.txt = txtLibrary.txt.str.lower()\n",
    "\n",
    "# Change phone numbers \n",
    "phoneNumPattern = '\\d{3}-\\d{3}-\\d{4}'\n",
    "phoneNumReplacement = 'xxx-xxx-xxxx'\n",
    "txtLibrary.txt = txtLibrary.txt.str.replace(phoneNumPattern, phoneNumReplacement)\n",
    "\n",
    "# Remove numbers\n",
    "txtLibrary.txt = txtLibrary.txt.str.replace(r'\\d+', '')\n",
    "\n",
    "# Expand contractions\n",
    "txtLibrary.txt = txtLibrary.txt.apply(expandContractions)\n",
    "\n",
    "# Remove punctuation\n",
    "txtLibrary.txt = txtLibrary.txt.str.replace(r'\\.|\\?|\\!|,', '')\n",
    "\n",
    "# Remove white space\n",
    "txtLibrary.txt = txtLibrary.txt.str.strip()\n",
    "\n",
    "# Tokenization\n",
    "txtLibraryList = txtLibrary.txt.tolist()\n",
    "txtLibraryTokenList = [nltk.tokenize.word_tokenize(w) for w in txtLibraryList]"
   ]
  },
  {
   "cell_type": "markdown",
   "metadata": {},
   "source": [
    "### Train the existing model on new terms"
   ]
  },
  {
   "cell_type": "code",
   "execution_count": 148,
   "metadata": {},
   "outputs": [
    {
     "data": {
      "text/plain": [
       "(36929, 54180)"
      ]
     },
     "execution_count": 148,
     "metadata": {},
     "output_type": "execute_result"
    }
   ],
   "source": [
    "# train existing model on new terms\n",
    "model_text8.build_vocab(txtLibraryTokenList, update = True)\n",
    "\n",
    "model_text8.train(txtLibraryTokenList, total_examples=model_text8.corpus_count, epochs=model_text8.epochs)"
   ]
  },
  {
   "cell_type": "markdown",
   "metadata": {},
   "source": [
    "# Prepare the data for Gaussian LDA\n",
    "\n",
    "## Prepare the documents"
   ]
  },
  {
   "cell_type": "code",
   "execution_count": 149,
   "metadata": {},
   "outputs": [],
   "source": [
    "# Each element in docVec is the document label for each token in txtLibraryTokenList\n",
    "docVec = [i for i in range(1,len(txtLibraryTokenList)+1) for j in txtLibraryTokenList[i-1]]\n",
    "docVec = np.array(docVec)\n",
    "\n",
    "# Total number of documents \n",
    "D = len(txtLibraryTokenList)\n",
    "\n",
    "# Each element in posInDoc is the word position for each token in each document in txtLibraryTokenList\n",
    "posInDoc = [j+1 for i in range(len(txtLibraryTokenList)) for j in range(len(txtLibraryTokenList[i]))]\n",
    "posInDoc = np.array(posInDoc)\n",
    "\n",
    "# Note: docVec and posInDoc should be the same length\n",
    "\n",
    "# Number of tokens in each document\n",
    "n_d = [len(i) for i in txtLibraryTokenList]\n",
    "\n",
    "# Number of tokens in analysis\n",
    "Ntot = sum(n_d)\n",
    "\n",
    "# Replace each word with its vector\n",
    "wordVectors = [model_text8.wv.__getitem__(j) for i in range(1,len(txtLibraryTokenList)+1) for j in txtLibraryTokenList[i-1]]\n",
    "wordVectors = np.array(wordVectors)"
   ]
  },
  {
   "cell_type": "markdown",
   "metadata": {},
   "source": [
    "# Gaussian LDA\n",
    "\n",
    "## Hyperparameters, initialization, and simulation parameters\n",
    "\n",
    "### Hyperparameters"
   ]
  },
  {
   "cell_type": "code",
   "execution_count": 150,
   "metadata": {},
   "outputs": [],
   "source": [
    "mu0 = [0 for i in wordVectors[2]]\n",
    "kappa = 1\n",
    "Psi = np.identity(len(wordVectors[2]))\n",
    "nu_k = 1\n",
    "K = 3\n",
    "nu = [nu_k for i in range(K)]\n",
    "alpha = [1 for i in range(K)]"
   ]
  },
  {
   "cell_type": "markdown",
   "metadata": {},
   "source": [
    "### Initialization"
   ]
  },
  {
   "cell_type": "code",
   "execution_count": 151,
   "metadata": {},
   "outputs": [],
   "source": [
    "# Sigma for each topic\n",
    "wordVecLength = len(wordVectors[1])\n",
    "Sigma_k = np.identity(wordVecLength)\n",
    "Sigma = [Sigma_k for i in range(K)]\n",
    "\n",
    "# mu for each topic\n",
    "mu_k = [0 for i in wordVectors[2]]\n",
    "mu = [mu_k for i in range(K)]\n",
    "mu = np.asarray(mu)\n",
    "\n",
    "# Initialize the topics for each word in each document\n",
    "topics = np.random.choice(range(1, K+1), size  = len(docVec), replace = True)"
   ]
  },
  {
   "cell_type": "markdown",
   "metadata": {},
   "source": [
    "### Simulation parameters"
   ]
  },
  {
   "cell_type": "code",
   "execution_count": 152,
   "metadata": {},
   "outputs": [],
   "source": [
    "# Number of MCMC samples\n",
    "L = 500"
   ]
  },
  {
   "cell_type": "markdown",
   "metadata": {},
   "source": [
    "## Gibbs sampling"
   ]
  },
  {
   "cell_type": "markdown",
   "metadata": {},
   "source": [
    "### Functions for Gibbs sampling"
   ]
  },
  {
   "cell_type": "code",
   "execution_count": 153,
   "metadata": {},
   "outputs": [],
   "source": [
    "%run -i 'multivariatet.py'"
   ]
  },
  {
   "cell_type": "code",
   "execution_count": 154,
   "metadata": {},
   "outputs": [],
   "source": [
    "# Places to save the results\n",
    "mu_chain = [mu]\n",
    "Sigma_chain = [np.array(Sigma)]\n",
    "Z_chain = [topics]\n"
   ]
  },
  {
   "cell_type": "code",
   "execution_count": null,
   "metadata": {},
   "outputs": [],
   "source": [
    "for l in range(L):\n",
    "    \n",
    "    # Update the Z_chain\n",
    "    ## Z_new holds the updates, then we'll append it to the end of Z_chain\n",
    "    ##Z_new = Z_chain[l].copy()\n",
    "    Z_new = np.empty(shape = (Ntot))\n",
    "    \n",
    "    for d in range(1, D+1):\n",
    "        for wordNum in range(1, n_d[d-1]+1): \n",
    "            \n",
    "            probs = [0 for i in range(K)]\n",
    "            \n",
    "            \n",
    "            for k in range(1, K+1):\n",
    "                \n",
    "                \n",
    "                # First part of the probability\n",
    "                a = sum(Z_new[docVec == d] == k) + alpha[k-1]\n",
    "                \n",
    "                # Second part of the probability\n",
    "                b = multivariate_t.pdf(wordVectors[(docVec == d) & (posInDoc == wordNum)], \n",
    "                                      mean = mu_chain[l][k-1, :],\n",
    "                                      shape = Sigma_chain[l][k-1, :],\n",
    "                                      df = nu[k-1] -1 + wordVecLength)\n",
    "                \n",
    "                # Save the numerators\n",
    "                probs[k-1] = a*b\n",
    "            \n",
    "            # Draw a new topic \n",
    "            ## Normalize the probabilities\n",
    "            probs_norm = probs/sum(probs)\n",
    "                \n",
    "            ## Update Z_new    \n",
    "            Z_new[(docVec == d) & (posInDoc == wordNum)] = np.random.choice(range(1, K+1), size = 1, p = probs_norm.flatten())\n",
    "    \n",
    "    # Add Z_new to the Z_chain\n",
    "    Z_chain.append(Z_new)\n",
    "    \n",
    "    # Update mu and Sigma\n",
    "#     Sigma_new = Sigma_chain[l]\n",
    "#     mu_new = mu_chain[l]\n",
    "    Sigma_new = np.empty(shape = (K, wordVecLength, wordVecLength))\n",
    "    mu_new = np.empty(shape = (K, wordVecLength))\n",
    "    \n",
    "    for k in range(1, K+1):\n",
    "        nWordsInTopic = sum(Z_new[Z_new == k])\n",
    "        \n",
    "        # Update the topic mean vector\n",
    "        Lambda_n = (1/(1 + nWordsInTopic)) * Sigma_chain[l][k-1, :]\n",
    "        mu_n = (1/(1 + nWordsInTopic))*(mu0 + nWordsInTopic* np.mean(wordVectors[Z_new == k]))\n",
    "        mu_new[k-1, :] = np.random.multivariate_normal(mu_n, Lambda_n)\n",
    "#         np.append(mu_new, np.random.multivariate_normal(mu_n, Lambda_n))\n",
    "        \n",
    "        \n",
    "        # Update the Sigma for the topics\n",
    "        resid = wordVectors[Z_new == k]- mu_new[k-1, :]\n",
    "        S_mu = np.dot(np.transpose(resid), resid)\n",
    "#         wish_shape = np.linalg.inv(Psi + S_mu)\n",
    "        wish_shape = Psi + S_mu\n",
    "        Sigma_new[k-1, :, :] = sp.stats.invwishart.rvs(df = nu[k-1] + nWordsInTopic, scale = wish_shape)\n",
    "    \n",
    "    # Update the chains\n",
    "    Sigma_chain.append(Sigma_new)\n",
    "    mu_chain.append(mu_new)\n",
    "\n",
    "\n",
    "    \n",
    "\n",
    "               \n",
    "            \n",
    "          "
   ]
  },
  {
   "cell_type": "code",
   "execution_count": null,
   "metadata": {},
   "outputs": [],
   "source": [
    "pd.DataFrame(Z_chain).to_csv('Z_chain.csv')\n",
    "pd.DataFrame(docVec).to_csv('docVec.csv')\n"
   ]
  },
  {
   "cell_type": "code",
   "execution_count": 59,
   "metadata": {},
   "outputs": [],
   "source": [
    "# multivariate_t.pdf(np.array([1, 2, 1]), mean=None, shape=1, df=1)"
   ]
  },
  {
   "cell_type": "code",
   "execution_count": 33,
   "metadata": {},
   "outputs": [
    {
     "name": "stdout",
     "output_type": "stream",
     "text": [
      "(920,)\n"
     ]
    }
   ],
   "source": [
    "print(Z_chain[0].shape)"
   ]
  },
  {
   "cell_type": "code",
   "execution_count": 125,
   "metadata": {},
   "outputs": [
    {
     "data": {
      "text/plain": [
       "[('preparation', 0.41320061683654785),\n",
       " ('prepare', 0.4047275185585022),\n",
       " ('composting', 0.4004445970058441),\n",
       " ('require', 0.3974263668060303),\n",
       " ('repairs', 0.38611549139022827)]"
      ]
     },
     "execution_count": 125,
     "metadata": {},
     "output_type": "execute_result"
    }
   ],
   "source": [
    "# print(mu_chain[100][0])\n",
    "# print(np.asarray(mu_chain[100][0]))\n",
    "\n",
    "model_text8.wv.similar_by_vector(mu_chain[500][0], topn=5)"
   ]
  },
  {
   "cell_type": "code",
   "execution_count": 126,
   "metadata": {},
   "outputs": [
    {
     "name": "stdout",
     "output_type": "stream",
     "text": [
      "[array([[[1., 0., 0., ..., 0., 0., 0.],\n",
      "        [0., 1., 0., ..., 0., 0., 0.],\n",
      "        [0., 0., 1., ..., 0., 0., 0.],\n",
      "        ...,\n",
      "        [0., 0., 0., ..., 1., 0., 0.],\n",
      "        [0., 0., 0., ..., 0., 1., 0.],\n",
      "        [0., 0., 0., ..., 0., 0., 1.]],\n",
      "\n",
      "       [[1., 0., 0., ..., 0., 0., 0.],\n",
      "        [0., 1., 0., ..., 0., 0., 0.],\n",
      "        [0., 0., 1., ..., 0., 0., 0.],\n",
      "        ...,\n",
      "        [0., 0., 0., ..., 1., 0., 0.],\n",
      "        [0., 0., 0., ..., 0., 1., 0.],\n",
      "        [0., 0., 0., ..., 0., 0., 1.]]]), array([[[ 6.61843911e+00, -2.63399664e+00, -2.84222518e-01, ...,\n",
      "          6.98476246e-01,  1.66459367e+00,  2.29355868e-03],\n",
      "        [-2.63399664e+00,  1.15579204e+01, -1.72435212e+00, ...,\n",
      "         -1.82261501e+00, -3.20342667e+00,  5.78719805e-01],\n",
      "        [-2.84222518e-01, -1.72435212e+00,  3.85503319e+00, ...,\n",
      "          8.08131795e-01,  1.17321419e+00,  6.35884834e-01],\n",
      "        ...,\n",
      "        [ 6.98476246e-01, -1.82261501e+00,  8.08131795e-01, ...,\n",
      "          4.32242391e+00,  2.76792873e+00,  8.39226417e-01],\n",
      "        [ 1.66459367e+00, -3.20342667e+00,  1.17321419e+00, ...,\n",
      "          2.76792873e+00,  8.33738187e+00,  8.61266123e-01],\n",
      "        [ 2.29355868e-03,  5.78719805e-01,  6.35884834e-01, ...,\n",
      "          8.39226417e-01,  8.61266123e-01,  5.22012178e+00]],\n",
      "\n",
      "       [[ 3.00246271e+00, -6.81312705e-01,  1.55947252e-01, ...,\n",
      "          5.37227044e-01,  1.05828809e+00, -6.63010360e-02],\n",
      "        [-6.81312705e-01,  5.63616615e+00, -9.99250091e-01, ...,\n",
      "         -1.04153286e+00, -1.69584904e+00,  2.54328427e-01],\n",
      "        [ 1.55947252e-01, -9.99250091e-01,  1.48772386e+00, ...,\n",
      "          2.81439619e-01,  4.90367456e-01,  3.04313547e-01],\n",
      "        ...,\n",
      "        [ 5.37227044e-01, -1.04153286e+00,  2.81439619e-01, ...,\n",
      "          1.89788305e+00,  1.31405812e+00,  1.34912510e-01],\n",
      "        [ 1.05828809e+00, -1.69584904e+00,  4.90367456e-01, ...,\n",
      "          1.31405812e+00,  3.23051926e+00, -1.99654389e-01],\n",
      "        [-6.63010360e-02,  2.54328427e-01,  3.04313547e-01, ...,\n",
      "          1.34912510e-01, -1.99654389e-01,  2.21225424e+00]]]), array([[[ 6.18343884, -2.33802802,  0.1486727 , ...,  1.16960101,\n",
      "         -1.15092254, -0.4300627 ],\n",
      "        [-2.33802802, 15.5925435 , -1.89898062, ..., -0.41710987,\n",
      "         -1.82651438,  3.16297142],\n",
      "        [ 0.1486727 , -1.89898062,  5.6365801 , ..., -1.07499267,\n",
      "         -0.9178076 ,  0.10090796],\n",
      "        ...,\n",
      "        [ 1.16960101, -0.41710987, -1.07499267, ...,  6.97531777,\n",
      "          2.54809291,  0.51154271],\n",
      "        [-1.15092254, -1.82651438, -0.9178076 , ...,  2.54809291,\n",
      "          9.72286682,  0.2020101 ],\n",
      "        [-0.4300627 ,  3.16297142,  0.10090796, ...,  0.51154271,\n",
      "          0.2020101 ,  6.73708508]],\n",
      "\n",
      "       [[ 2.87886626, -0.90243851,  0.26917445, ...,  0.48114372,\n",
      "          1.17174213, -0.18737547],\n",
      "        [-0.90243851,  4.97315605, -0.8225448 , ..., -1.21416569,\n",
      "         -1.5815842 ,  0.03541363],\n",
      "        [ 0.26917445, -0.8225448 ,  1.22822899, ...,  0.49500195,\n",
      "          0.64481625,  0.60146384],\n",
      "        ...,\n",
      "        [ 0.48114372, -1.21416569,  0.49500195, ...,  1.73397423,\n",
      "          1.42699127,  0.32118166],\n",
      "        [ 1.17174213, -1.5815842 ,  0.64481625, ...,  1.42699127,\n",
      "          2.91501128, -0.0651972 ],\n",
      "        [-0.18737547,  0.03541363,  0.60146384, ...,  0.32118166,\n",
      "         -0.0651972 ,  2.12633475]]]), array([[[ 5.75898643e+00, -1.56158698e+00, -8.47412946e-01, ...,\n",
      "          9.38727878e-01, -9.37930731e-01, -4.78307324e-01],\n",
      "        [-1.56158698e+00,  1.43709047e+01, -1.18870545e+00, ...,\n",
      "          3.56533593e-01, -1.49504001e+00,  4.39092087e+00],\n",
      "        [-8.47412946e-01, -1.18870545e+00,  5.72608783e+00, ...,\n",
      "         -7.74491238e-01, -5.09008765e-01,  1.28009793e-02],\n",
      "        ...,\n",
      "        [ 9.38727878e-01,  3.56533593e-01, -7.74491238e-01, ...,\n",
      "          5.66275500e+00,  1.20840479e+00, -2.84857663e-01],\n",
      "        [-9.37930731e-01, -1.49504001e+00, -5.09008765e-01, ...,\n",
      "          1.20840479e+00,  9.28771281e+00,  1.19802219e-01],\n",
      "        [-4.78307324e-01,  4.39092087e+00,  1.28009793e-02, ...,\n",
      "         -2.84857663e-01,  1.19802219e-01,  7.22285877e+00]],\n",
      "\n",
      "       [[ 2.94974860e+00, -1.02471137e+00,  3.90918454e-01, ...,\n",
      "          5.45371453e-01,  1.35554186e+00,  4.21400067e-02],\n",
      "        [-1.02471137e+00,  5.02225703e+00, -9.98934709e-01, ...,\n",
      "         -1.37979995e+00, -1.86596626e+00,  1.38516605e-02],\n",
      "        [ 3.90918454e-01, -9.98934709e-01,  1.25012458e+00, ...,\n",
      "          5.46764398e-01,  7.63828260e-01,  5.11458815e-01],\n",
      "        ...,\n",
      "        [ 5.45371453e-01, -1.37979995e+00,  5.46764398e-01, ...,\n",
      "          1.65212991e+00,  1.53387683e+00,  3.23692068e-01],\n",
      "        [ 1.35554186e+00, -1.86596626e+00,  7.63828260e-01, ...,\n",
      "          1.53387683e+00,  3.13165076e+00,  4.73667342e-02],\n",
      "        [ 4.21400067e-02,  1.38516605e-02,  5.11458815e-01, ...,\n",
      "          3.23692068e-01,  4.73667342e-02,  2.12133002e+00]]]), array([[[ 5.6491824 , -3.48656598,  0.3784767 , ...,  0.32159503,\n",
      "          0.25407647, -0.34736997],\n",
      "        [-3.48656598, 20.16503433, -4.10328238, ..., -1.32820689,\n",
      "         -4.91748978,  4.80321316],\n",
      "        [ 0.3784767 , -4.10328238,  6.77451928, ..., -0.80019236,\n",
      "         -0.37966289, -0.80015007],\n",
      "        ...,\n",
      "        [ 0.32159503, -1.32820689, -0.80019236, ...,  6.81313473,\n",
      "          2.22281179,  0.57135946],\n",
      "        [ 0.25407647, -4.91748978, -0.37966289, ...,  2.22281179,\n",
      "         11.60951184, -0.52378613],\n",
      "        [-0.34736997,  4.80321316, -0.80015007, ...,  0.57135946,\n",
      "         -0.52378613,  6.86842585]],\n",
      "\n",
      "       [[ 3.05798679, -0.98450022,  0.32128759, ...,  0.67566684,\n",
      "          1.42294776, -0.09057363],\n",
      "        [-0.98450022,  5.20617778, -1.02512048, ..., -1.52678067,\n",
      "         -2.05506759,  0.05434332],\n",
      "        [ 0.32128759, -1.02512048,  1.21155089, ...,  0.55444772,\n",
      "          0.78384238,  0.54635427],\n",
      "        ...,\n",
      "        [ 0.67566684, -1.52678067,  0.55444772, ...,  1.8250215 ,\n",
      "          1.59872017,  0.24652561],\n",
      "        [ 1.42294776, -2.05506759,  0.78384238, ...,  1.59872017,\n",
      "          3.212647  , -0.07964679],\n",
      "        [-0.09057363,  0.05434332,  0.54635427, ...,  0.24652561,\n",
      "         -0.07964679,  2.01576329]]]), array([[[ 6.21568826, -2.88468081, -0.38799083, ...,  0.81758499,\n",
      "         -1.36690314,  0.1790629 ],\n",
      "        [-2.88468081, 18.18352236, -4.14315431, ...,  1.5188512 ,\n",
      "          0.76293623,  1.7258086 ],\n",
      "        [-0.38799083, -4.14315431,  7.64307791, ..., -0.95989024,\n",
      "         -1.7883641 , -0.61148406],\n",
      "        ...,\n",
      "        [ 0.81758499,  1.5188512 , -0.95989024, ...,  7.8733028 ,\n",
      "          1.46613757, -0.28877222],\n",
      "        [-1.36690314,  0.76293623, -1.7883641 , ...,  1.46613757,\n",
      "          7.80028156,  0.3630113 ],\n",
      "        [ 0.1790629 ,  1.7258086 , -0.61148406, ..., -0.28877222,\n",
      "          0.3630113 ,  4.99496882]],\n",
      "\n",
      "       [[ 2.748959  , -0.78039287,  0.22506157, ...,  0.43617279,\n",
      "          1.11350818,  0.04689451],\n",
      "        [-0.78039287,  4.76721523, -0.84984865, ..., -1.25284662,\n",
      "         -1.78785978,  0.17730256],\n",
      "        [ 0.22506157, -0.84984865,  1.11892794, ...,  0.41175694,\n",
      "          0.60084426,  0.53526524],\n",
      "        ...,\n",
      "        [ 0.43617279, -1.25284662,  0.41175694, ...,  1.66147894,\n",
      "          1.43925269,  0.30641277],\n",
      "        [ 1.11350818, -1.78785978,  0.60084426, ...,  1.43925269,\n",
      "          3.19478934, -0.07635708],\n",
      "        [ 0.04689451,  0.17730256,  0.53526524, ...,  0.30641277,\n",
      "         -0.07635708,  2.07812729]]]), array([[[ 6.40820863e+00, -2.00754640e+00,  1.60919881e-02, ...,\n",
      "          3.54863323e-01, -1.04340146e+00,  4.36732141e-01],\n",
      "        [-2.00754640e+00,  1.68776499e+01, -3.20737227e+00, ...,\n",
      "          3.51582197e-01, -2.79358703e+00,  3.61737386e+00],\n",
      "        [ 1.60919881e-02, -3.20737227e+00,  6.09196834e+00, ...,\n",
      "         -1.07231862e+00, -6.53430133e-01, -1.37653948e+00],\n",
      "        ...,\n",
      "        [ 3.54863323e-01,  3.51582197e-01, -1.07231862e+00, ...,\n",
      "          6.72453299e+00,  3.56813911e-01,  9.21269904e-02],\n",
      "        [-1.04340146e+00, -2.79358703e+00, -6.53430133e-01, ...,\n",
      "          3.56813911e-01,  8.54785016e+00,  9.50924018e-02],\n",
      "        [ 4.36732141e-01,  3.61737386e+00, -1.37653948e+00, ...,\n",
      "          9.21269904e-02,  9.50924018e-02,  8.87796622e+00]],\n",
      "\n",
      "       [[ 3.11330509e+00, -1.04729853e+00,  2.69415610e-01, ...,\n",
      "          5.69054198e-01,  1.29394209e+00,  6.71033794e-02],\n",
      "        [-1.04729853e+00,  5.43273888e+00, -1.05876736e+00, ...,\n",
      "         -1.50536398e+00, -1.91481018e+00, -6.47345818e-02],\n",
      "        [ 2.69415610e-01, -1.05876736e+00,  1.21328164e+00, ...,\n",
      "          5.99124703e-01,  8.02370584e-01,  6.16029853e-01],\n",
      "        ...,\n",
      "        [ 5.69054198e-01, -1.50536398e+00,  5.99124703e-01, ...,\n",
      "          1.69555008e+00,  1.49181324e+00,  4.05309522e-01],\n",
      "        [ 1.29394209e+00, -1.91481018e+00,  8.02370584e-01, ...,\n",
      "          1.49181324e+00,  3.20789811e+00,  1.65269074e-01],\n",
      "        [ 6.71033794e-02, -6.47345818e-02,  6.16029853e-01, ...,\n",
      "          4.05309522e-01,  1.65269074e-01,  2.14082796e+00]]]), array([[[ 6.21267131e+00, -1.95007520e+00, -3.53763528e-01, ...,\n",
      "          9.17571595e-01, -1.68605580e+00,  2.36187973e-01],\n",
      "        [-1.95007520e+00,  1.35523010e+01, -4.42234376e+00, ...,\n",
      "          5.78444571e-01, -2.97031774e+00,  1.76188155e+00],\n",
      "        [-3.53763528e-01, -4.42234376e+00,  6.41311663e+00, ...,\n",
      "         -1.85869689e+00,  9.05453310e-01, -9.43185266e-01],\n",
      "        ...,\n",
      "        [ 9.17571595e-01,  5.78444571e-01, -1.85869689e+00, ...,\n",
      "          7.42835698e+00,  5.90685585e-01, -8.08865545e-01],\n",
      "        [-1.68605580e+00, -2.97031774e+00,  9.05453310e-01, ...,\n",
      "          5.90685585e-01,  8.87729335e+00,  2.74404359e-02],\n",
      "        [ 2.36187973e-01,  1.76188155e+00, -9.43185266e-01, ...,\n",
      "         -8.08865545e-01,  2.74404359e-02,  5.74980422e+00]],\n",
      "\n",
      "       [[ 3.01612137e+00, -8.93852787e-01,  2.65276425e-01, ...,\n",
      "          4.98346876e-01,  1.33099177e+00, -1.19412563e-01],\n",
      "        [-8.93852787e-01,  4.90448947e+00, -8.19850909e-01, ...,\n",
      "         -1.28086588e+00, -1.66076014e+00, -5.03208338e-02],\n",
      "        [ 2.65276425e-01, -8.19850909e-01,  1.14299207e+00, ...,\n",
      "          4.92777349e-01,  5.95968592e-01,  4.87549130e-01],\n",
      "        ...,\n",
      "        [ 4.98346876e-01, -1.28086588e+00,  4.92777349e-01, ...,\n",
      "          1.77282555e+00,  1.50337664e+00,  3.82051680e-01],\n",
      "        [ 1.33099177e+00, -1.66076014e+00,  5.95968592e-01, ...,\n",
      "          1.50337664e+00,  2.96127097e+00, -6.19945522e-03],\n",
      "        [-1.19412563e-01, -5.03208338e-02,  4.87549130e-01, ...,\n",
      "          3.82051680e-01, -6.19945522e-03,  2.04755073e+00]]]), array([[[ 6.49610351, -1.69560094, -0.32037711, ...,  0.05095388,\n",
      "         -1.21193441,  0.32910295],\n",
      "        [-1.69560094, 15.2450314 , -3.56822148, ..., -0.34749071,\n",
      "         -3.37102969,  2.6527275 ],\n",
      "        [-0.32037711, -3.56822148,  6.4781326 , ..., -1.0624952 ,\n",
      "         -0.62910323, -1.72393403],\n",
      "        ...,\n",
      "        [ 0.05095388, -0.34749071, -1.0624952 , ...,  6.53585663,\n",
      "          2.20527342, -0.33815651],\n",
      "        [-1.21193441, -3.37102969, -0.62910323, ...,  2.20527342,\n",
      "          9.22452322, -0.08844115],\n",
      "        [ 0.32910295,  2.6527275 , -1.72393403, ..., -0.33815651,\n",
      "         -0.08844115,  7.01441969]],\n",
      "\n",
      "       [[ 2.88006475, -0.85526263,  0.22754157, ...,  0.47083109,\n",
      "          1.29216407, -0.0186573 ],\n",
      "        [-0.85526263,  4.76397587, -0.89321139, ..., -1.42200497,\n",
      "         -1.83651334, -0.16833464],\n",
      "        [ 0.22754157, -0.89321139,  1.32744701, ...,  0.58878627,\n",
      "          0.82616381,  0.71176652],\n",
      "        ...,\n",
      "        [ 0.47083109, -1.42200497,  0.58878627, ...,  1.74667347,\n",
      "          1.57852441,  0.36621183],\n",
      "        [ 1.29216407, -1.83651334,  0.82616381, ...,  1.57852441,\n",
      "          3.17664695,  0.11291943],\n",
      "        [-0.0186573 , -0.16833464,  0.71176652, ...,  0.36621183,\n",
      "          0.11291943,  2.18799616]]]), array([[[ 6.09814378e+00, -2.70120306e+00, -6.59916805e-01, ...,\n",
      "         -2.24097947e-01, -8.53707529e-01, -6.13864809e-01],\n",
      "        [-2.70120306e+00,  1.40292860e+01, -1.68576106e+00, ...,\n",
      "          6.43527516e-01, -1.42498620e+00,  3.43014987e+00],\n",
      "        [-6.59916805e-01, -1.68576106e+00,  5.68963423e+00, ...,\n",
      "         -7.57017930e-01, -8.12978938e-01, -4.63509418e-01],\n",
      "        ...,\n",
      "        [-2.24097947e-01,  6.43527516e-01, -7.57017930e-01, ...,\n",
      "          5.72508184e+00, -4.80585555e-02, -1.04059263e-01],\n",
      "        [-8.53707529e-01, -1.42498620e+00, -8.12978938e-01, ...,\n",
      "         -4.80585555e-02,  9.67368643e+00,  2.66516210e-01],\n",
      "        [-6.13864809e-01,  3.43014987e+00, -4.63509418e-01, ...,\n",
      "         -1.04059263e-01,  2.66516210e-01,  6.28700502e+00]],\n",
      "\n",
      "       [[ 2.73726871e+00, -9.09043315e-01,  2.43818812e-01, ...,\n",
      "          4.55474913e-01,  1.10258594e+00, -1.15208282e-01],\n",
      "        [-9.09043315e-01,  5.08605663e+00, -9.44895142e-01, ...,\n",
      "         -1.33229365e+00, -1.88391825e+00, -1.16244914e-02],\n",
      "        [ 2.43818812e-01, -9.44895142e-01,  1.17496888e+00, ...,\n",
      "          4.76766255e-01,  6.68873545e-01,  4.82310877e-01],\n",
      "        ...,\n",
      "        [ 4.55474913e-01, -1.33229365e+00,  4.76766255e-01, ...,\n",
      "          1.74119233e+00,  1.49154844e+00,  3.74600690e-01],\n",
      "        [ 1.10258594e+00, -1.88391825e+00,  6.68873545e-01, ...,\n",
      "          1.49154844e+00,  3.03200770e+00, -4.75021149e-03],\n",
      "        [-1.15208282e-01, -1.16244914e-02,  4.82310877e-01, ...,\n",
      "          3.74600690e-01, -4.75021149e-03,  2.02377437e+00]]]), array([[[ 6.67205139e+00, -2.33510606e+00, -5.34029868e-01, ...,\n",
      "          2.61370281e-01, -1.19292734e+00,  4.15096978e-01],\n",
      "        [-2.33510606e+00,  1.63946724e+01, -1.77687375e+00, ...,\n",
      "          1.03301322e+00, -3.84032057e+00,  2.44698732e+00],\n",
      "        [-5.34029868e-01, -1.77687375e+00,  4.92166672e+00, ...,\n",
      "         -1.43618770e+00, -4.02197419e-01, -4.48603682e-01],\n",
      "        ...,\n",
      "        [ 2.61370281e-01,  1.03301322e+00, -1.43618770e+00, ...,\n",
      "          7.69234421e+00,  1.19721901e+00, -5.22770684e-02],\n",
      "        [-1.19292734e+00, -3.84032057e+00, -4.02197419e-01, ...,\n",
      "          1.19721901e+00,  1.07344856e+01,  1.57228765e-01],\n",
      "        [ 4.15096978e-01,  2.44698732e+00, -4.48603682e-01, ...,\n",
      "         -5.22770684e-02,  1.57228765e-01,  5.87154698e+00]],\n",
      "\n",
      "       [[ 2.84326968e+00, -8.61549416e-01,  2.39125000e-01, ...,\n",
      "          5.98637440e-01,  1.30199745e+00, -4.85727957e-02],\n",
      "        [-8.61549416e-01,  4.89055624e+00, -7.84840567e-01, ...,\n",
      "         -1.33076608e+00, -1.81534290e+00,  6.14603427e-02],\n",
      "        [ 2.39125000e-01, -7.84840567e-01,  1.16957371e+00, ...,\n",
      "          4.96928959e-01,  6.75122440e-01,  6.37172296e-01],\n",
      "        ...,\n",
      "        [ 5.98637440e-01, -1.33076608e+00,  4.96928959e-01, ...,\n",
      "          1.74111474e+00,  1.55561381e+00,  4.21935103e-01],\n",
      "        [ 1.30199745e+00, -1.81534290e+00,  6.75122440e-01, ...,\n",
      "          1.55561381e+00,  3.19790545e+00,  3.05050011e-03],\n",
      "        [-4.85727957e-02,  6.14603427e-02,  6.37172296e-01, ...,\n",
      "          4.21935103e-01,  3.05050011e-03,  2.11896486e+00]]]), array([[[ 5.73671326, -1.50311551, -0.43008926, ...,  0.16200754,\n",
      "         -0.18232385,  0.99472654],\n",
      "        [-1.50311551, 13.81759525, -2.68256181, ...,  0.77411731,\n",
      "         -1.76662637,  4.24478871],\n",
      "        [-0.43008926, -2.68256181,  5.71783264, ..., -1.12299853,\n",
      "          0.25871667, -1.5659626 ],\n",
      "        ...,\n",
      "        [ 0.16200754,  0.77411731, -1.12299853, ...,  6.1847749 ,\n",
      "          0.21410015, -0.02871612],\n",
      "        [-0.18232385, -1.76662637,  0.25871667, ...,  0.21410015,\n",
      "          7.72784476, -0.44097999],\n",
      "        [ 0.99472654,  4.24478871, -1.5659626 , ..., -0.02871612,\n",
      "         -0.44097999,  8.91304919]],\n",
      "\n",
      "       [[ 2.79112049, -0.92329433,  0.27620857, ...,  0.64947263,\n",
      "          1.17882255,  0.05411473],\n",
      "        [-0.92329433,  4.86100468, -0.89087828, ..., -1.33101533,\n",
      "         -1.81569188, -0.01661952],\n",
      "        [ 0.27620857, -0.89087828,  1.19527036, ...,  0.52734981,\n",
      "          0.68275421,  0.55085141],\n",
      "        ...,\n",
      "        [ 0.64947263, -1.33101533,  0.52734981, ...,  1.68204365,\n",
      "          1.50061865,  0.30104284],\n",
      "        [ 1.17882255, -1.81569188,  0.68275421, ...,  1.50061865,\n",
      "          3.11753766,  0.03183572],\n",
      "        [ 0.05411473, -0.01661952,  0.55085141, ...,  0.30104284,\n",
      "          0.03183572,  1.9238131 ]]]), array([[[ 5.83846995e+00, -9.17472042e-01, -9.97922406e-02, ...,\n",
      "         -4.02995199e-01, -1.60749148e+00, -5.65365250e-01],\n",
      "        [-9.17472042e-01,  1.76040672e+01, -4.86709710e+00, ...,\n",
      "          1.10461014e+00, -2.90448406e+00,  5.79884103e+00],\n",
      "        [-9.97922406e-02, -4.86709710e+00,  6.49956067e+00, ...,\n",
      "         -5.11890055e-01,  1.06566394e+00, -1.55674453e+00],\n",
      "        ...,\n",
      "        [-4.02995199e-01,  1.10461014e+00, -5.11890055e-01, ...,\n",
      "          7.47576358e+00,  9.08157216e-01,  2.49927537e-01],\n",
      "        [-1.60749148e+00, -2.90448406e+00,  1.06566394e+00, ...,\n",
      "          9.08157216e-01,  9.25568741e+00, -1.93692873e+00],\n",
      "        [-5.65365250e-01,  5.79884103e+00, -1.55674453e+00, ...,\n",
      "          2.49927537e-01, -1.93692873e+00,  8.44933178e+00]],\n",
      "\n",
      "       [[ 2.70800779e+00, -8.32293626e-01,  2.22278091e-01, ...,\n",
      "          4.65741328e-01,  1.04957490e+00,  1.02468831e-02],\n",
      "        [-8.32293626e-01,  4.99098662e+00, -8.87534609e-01, ...,\n",
      "         -1.21498556e+00, -1.67730545e+00, -2.17011169e-02],\n",
      "        [ 2.22278091e-01, -8.87534609e-01,  1.22314528e+00, ...,\n",
      "          5.15495051e-01,  6.70163055e-01,  6.27335521e-01],\n",
      "        ...,\n",
      "        [ 4.65741328e-01, -1.21498556e+00,  5.15495051e-01, ...,\n",
      "          1.75577159e+00,  1.47053353e+00,  3.49530456e-01],\n",
      "        [ 1.04957490e+00, -1.67730545e+00,  6.70163055e-01, ...,\n",
      "          1.47053353e+00,  2.95578411e+00,  1.93951560e-03],\n",
      "        [ 1.02468831e-02, -2.17011169e-02,  6.27335521e-01, ...,\n",
      "          3.49530456e-01,  1.93951560e-03,  2.01463923e+00]]]), array([[[ 6.66997559e+00, -2.38351697e+00, -4.40719527e-01, ...,\n",
      "          3.99420327e-01,  1.25474137e-01, -7.44500555e-02],\n",
      "        [-2.38351697e+00,  1.71729792e+01, -3.15297268e+00, ...,\n",
      "         -1.74332751e-01, -2.90258201e+00,  1.57495065e+00],\n",
      "        [-4.40719527e-01, -3.15297268e+00,  7.29541001e+00, ...,\n",
      "         -8.89806769e-01, -4.05654794e-01, -6.29799616e-01],\n",
      "        ...,\n",
      "        [ 3.99420327e-01, -1.74332751e-01, -8.89806769e-01, ...,\n",
      "          5.60647591e+00,  1.80122202e+00, -4.44155404e-01],\n",
      "        [ 1.25474137e-01, -2.90258201e+00, -4.05654794e-01, ...,\n",
      "          1.80122202e+00,  8.18161668e+00,  6.02789834e-02],\n",
      "        [-7.44500555e-02,  1.57495065e+00, -6.29799616e-01, ...,\n",
      "         -4.44155404e-01,  6.02789834e-02,  5.49178388e+00]],\n",
      "\n",
      "       [[ 2.77888255e+00, -8.69003100e-01,  2.14226167e-01, ...,\n",
      "          5.22964354e-01,  1.30608866e+00, -8.18112801e-02],\n",
      "        [-8.69003100e-01,  5.29719074e+00, -9.35233860e-01, ...,\n",
      "         -1.30168567e+00, -1.94149528e+00,  5.79282634e-02],\n",
      "        [ 2.14226167e-01, -9.35233860e-01,  1.18539337e+00, ...,\n",
      "          4.67463805e-01,  7.10127749e-01,  6.08209272e-01],\n",
      "        ...,\n",
      "        [ 5.22964354e-01, -1.30168567e+00,  4.67463805e-01, ...,\n",
